0.066394 106
71.857465 1
0.040498 1
0.227769 152
12.938550 1
0.250552 1
0.189728 1
1.102132 1
0.197395 1
0.290965 86
0.799560 1
0.220933 1
0.128547 1
0.190036 1
0.130215 1
0.077967 1
0.292175 1
0.210148 1
0.400993 1
0.778698 4
0.431102 1
0.429615 2
0.001484 84
1.587622 1
0.654053 4
0.290611 1
0.195336 1
0.080002 1
0.250191 1
0.180492 1
0.090052 1
0.769941 1
0.409223 1
0.151130 1
0.169441 1
2.401700 1
0.228120 1
0.209817 1
0.180354 1
0.260878 1
0.148628 1
0.780194 1
0.162924 2
0.048507 24
0.006898 7
0.000105 8
0.000017 36
0.000037 24
0.021584 7
0.000939 187
0.000488 67
0.000201 98
0.000972 57
0.001102 106
0.000334 43
0.000674 61
0.000180 104
0.000353 43
0.000121 87
0.000174 67
0.000585 43
0.028690 138
0.046872 61
0.066724 5
0.012556 251
0.000062 960
0.000052 960
0.000019 120
0.000052 930
0.000713 135
0.001143 131
0.220451 227
0.000083 972
0.000066 864
0.000068 858
10.047659 64
0.474551 149
0.014576 2272
0.000059 906
4.265030 81
0.000260 142
0.427801 98
0.157177 96
0.180067 96
0.139744 37
0.000052 59
0.284982 96
0.065062 96
0.239761 95
0.150423 66
1.405118 98
0.204818 96
0.239933 96
0.220421 96
0.241490 96
0.188645 96
0.472496 95
0.343354 96
0.713706 96
0.150570 97
0.319284 95
0.210093 96
0.730273 96
0.270294 68
1.187562 95
0.142692 95
0.169670 95
0.100281 95
0.159462 65
0.690728 65
0.159666 96
0.160236 96
1.202016 47
0.000096 59
0.167472 65
0.492681 44
0.000405 59
0.126804 103
0.140065 103
0.190232 103
0.873014 81
0.000115 60
0.187676 128
1.742180 263
0.000213 63
0.337130 214
1.949541 99
2.398247 40
0.000647 59
0.151503 100
0.159804 101
0.170531 102
0.079059 103
0.264459 45
0.000225 60
0.806355 104
0.229030 105
1.464687 84
0.000308 62
1.234896 108
0.585974 47
0.000346 62
0.834410 146
1.160463 116
0.000147 60
0.512399 117
0.000433 60
0.579314 80
0.000123 60
0.227569 119
0.000145 60
0.409193 82
0.000302 60
0.769903 172
0.159873 173
0.522054 114
0.000273 61
0.658002 175
0.620384 152
0.000276 61
0.533209 182
0.000525 60
0.295986 183
0.000152 60
0.514748 146
0.000466 60
0.996832 204
0.000140 60
0.519583 271
0.000073 63
0.278421 155
0.000103 59
0.901485 161
0.000156 59
1.003182 103
0.616265 109
0.037690 109
0.000544 65
1.398154 100
0.285715 89
0.000089 44
0.003222 84
1.830444 1
0.360397 1
0.169967 1
0.209796 1
3.749889 1
0.320088 1
0.189651 1
1.370370 1
0.413304 1
0.115061 6
0.571929 4
0.169860 4
0.169897 4
0.361521 1
0.318740 1
0.179936 1
0.174307 6
0.987822 2
0.008420 60
0.000037 2
0.000197 196
0.000016 2
0.000008 26
0.000007 2
0.000008 30
0.000007 2
0.038450 84
2.353095 21
3.188406 42
1.031805 30
0.437222 26
0.812254 2
0.030627 24
0.002573 7
0.005464 8
0.000054 36
0.000050 24
0.005067 7
0.000917 187
0.000519 67
0.000184 98
0.000721 57
0.000865 106
0.000285 43
0.000424 61
0.003029 104
0.000300 43
0.000102 87
0.000133 67
0.000439 43
0.029010 138
0.035606 61
0.081028 5
0.013374 251
0.000117 960
0.000113 960
0.000062 120
0.000087 930
0.001076 135
0.173042 227
0.000115 977
0.000056 972
0.000068 108
0.000056 858
2.015143 158
0.187161 71
0.200587 71
0.319871 71
0.220456 71
0.889903 71
0.299717 71
0.189688 71
0.160204 71
0.171685 71
0.168186 71
0.313749 71
0.156723 71
0.169327 71
0.170515 72
0.179564 74
0.180852 72
0.158996 72
0.193566 72
0.256902 72
0.792291 134
0.000047 162
0.490699 134
0.000037 66
0.778266 101
0.034745 173
0.264275 92
0.241937 127
0.001549 84
1.107602 17
0.748707 38
1.071103 2
0.054183 84
7.285756 1
0.270100 1
0.320478 1
0.382098 1
0.055212 1
0.352782 3
0.767591 4
11.151448 90
0.998695 1
0.139837 1
0.221187 809
5.161308 1
0.187255 1
0.210227 1
0.130088 1
0.149869 1
0.160483 1
0.490361 1
0.219773 1
0.139526 2
0.001272 93
1485.742776 6
