0.068312 112
5.785445 117
14.189765 117
0.208256 1
0.100199 1
0.241844 1
0.168056 1
0.099868 1
6.641198 1
0.368874 1
0.562213 1
0.479880 1
1.628929 1
0.258766 1
0.211310 1
0.114858 5
1.213763 1
0.190337 1
1.010925 2
0.302549 24
0.045528 7
0.000061 68
0.010901 7
0.001259 239
0.001180 98
0.003482 57
0.001892 533
0.001119 261
0.000990 118
0.029036 2033
0.040870 197
0.000070 930
0.000074 651
0.000029 255
0.072642 5
0.021909 221
0.000059 945
0.000039 840
0.000027 300
0.301405 197
0.000029 945
0.000138 1099
0.000068 311
6.424689 119
0.626362 134
0.009766 219
0.000025 919
0.000065 917
0.000029 488
0.000057 318
1.577661 106
0.498702 65
0.031641 65
0.027936 65
0.030654 66
0.029593 66
0.030714 66
0.030871 66
0.030260 70
0.030334 66
0.029910 66
0.031284 66
0.030711 66
0.030283 63
0.064670 991
0.000091 1041
0.000029 797
0.037094 66
0.022325 66
0.032011 66
1.061109 67
0.365214 66
0.231662 66
0.231456 66
0.186639 63
0.196383 989
0.000084 1394
0.183731 66
0.960205 66
218.452138 66
0.241174 66
0.258045 67
0.200071 63
0.614050 1591
0.000132 244
0.265608 66
0.243907 66
0.186720 66
30.852693 66
0.321120 66
0.215207 66
0.200757 63
0.205598 919
0.000573 624
0.000255 148
0.193295 66
0.189762 66
1.064330 66
0.226333 66
0.140249 66
2.072235 66
0.197091 66
0.200829 63
0.232808 934
0.000422 682
0.000163 168
0.195996 67
0.219759 66
0.820444 66
0.513642 67
0.021468 66
0.031032 65
0.030263 65
0.030969 65
0.030003 65
0.030840 65
0.030747 65
0.029971 64
0.029631 63
0.031899 1709
0.047465 66
0.031320 65
0.330665 65
0.230120 65
0.919949 65
0.209578 65
0.211740 66
0.229845 66
0.178801 67
0.361782 66
0.256656 66
0.191048 66
0.234900 66
0.286397 66
0.539013 66
0.531173 63
0.494504 1112
0.000361 623
0.000351 118
49.079788 66
0.767190 65
0.230075 65
0.210413 65
0.249457 65
0.613415 65
0.500411 66
0.030927 68
0.033378 66
0.029705 66
0.036501 66
0.030673 66
0.524415 66
0.180456 66
0.179988 66
0.170060 66
0.201635 66
0.860704 66
0.000584 145
0.590016 66
0.000066 60
0.320927 67
0.000199 61
0.388505 68
0.000152 60
2.170157 69
0.000094 60
0.427954 70
0.000053 60
0.245213 71
0.000240 60
1.517084 72
0.000075 60
0.627000 73
0.005715 57
0.224774 74
0.000077 60
0.219846 75
0.000087 60
0.131499 76
0.000131 60
0.948209 138
0.272902 138
12.538584 128
0.039095 128
0.000555 66
29.987734 154
0.391804 70
0.207871 69
1.379534 70
0.523231 70
0.216980 71
0.179869 68
0.201071 67
0.331997 67
64.385405 67
0.676232 67
1.299643 67
23.563384 70
0.260041 70
10.039820 96
0.897980 96
0.269028 132
0.040552 112
1.808633 1
0.271480 1
0.199373 1
1.169755 1
0.491851 1
0.838021 1
0.809761 1
3.120201 1
0.479943 1
0.261073 1
4.478561 1
0.260222 1
0.220140 1
0.291258 1
0.000103 4
0.888176 1
0.278892 1
0.281569 1
0.142642 1
0.000076 5
1.055171 1
0.211987 3
0.200088 5
0.396594 112
112.815424 1
0.530606 1
0.279197 1
0.252136 1
1.417422 1
0.261797 1
0.428587 4
0.180030 4
0.159670 4
0.150487 4
0.170121 4
0.179555 4
0.770105 1
0.199651 1
0.350028 1
0.261957 1
0.258233 6
1.013135 1
0.669242 1
0.479955 1
0.758108 4
0.499514 1
0.130444 1
0.699826 4
0.211396 4
0.700939 1
0.697614 1
0.130131 1
0.442401 1
0.259743 1
0.628229 1
0.359510 2
0.000968 7
0.000555 112
9.380022 1
0.778200 1
0.289890 1
0.212604 1
0.978320 1
0.258892 1
0.273856 1
0.979569 1
0.207903 1
0.004863 4
2.795184 2
0.279057 740
0.001021 31
0.004617 7
0.000502 6
5.105508 1
0.798367 4
0.531140 1
0.329358 427
9.611027 1
0.168285 1
0.220074 1
0.159991 1
0.120374 1
0.219450 1
0.490843 178
12.460878 1
0.218764 1
0.271131 1
0.549792 1
2.458418 1
0.472079 1
0.318504 1
0.271342 1
0.430332 1
0.228095 1
0.591674 1
9.328614 71
0.052998 124
0.195076 7
0.000257 51
17.343690 1
0.239605 1
1.740283 1
0.289217 1
0.389000 2
0.000754 58
4.671348 1
1.000855 5
0.846915 15
1.540456 2
0.035913 69
0.003175 124
0.214778 2
0.002594 91
0.000152 6
3.754935 1
0.227755 2
0.000792 40
2.569184 1
0.550396 2
0.001489 29
3.068116 1
0.320093 1
0.530317 1
0.269881 1
0.209682 1
0.182436 1
0.327906 1
0.389377 1
0.470292 21
16.132192 1
0.459182 2
0.000817 32
14.037833 1
0.130296 1
0.550706 1
0.428767 1
0.249942 1
0.170584 1
0.170421 19
13.009691 1
0.299732 2
0.000409 56
0.000075 6
4.399420 1
0.209574 2
0.000500 60
0.000065 6
12.551950 1
0.258372 428
6.739459 1
0.369828 22
0.000260 51
2.816444 6
0.031358 112
1.403152 11
0.838792 1
0.502196 1
0.029563 1
0.031265 1
0.028424 1
0.520481 1
0.239252 1
0.450762 1
0.580198 17
0.282166 17
0.167873 17
1.478997 2
0.109339 37
0.000071 103
0.000076 577
0.000050 51
0.000012 14
0.000034 6
0.000109 692
0.000098 859
0.000033 3
0.000048 5
0.000128 372
2.830189 257
2.558883 318
0.000266 31
0.000251 24
0.000221 419
0.000027 22
0.000080 13
0.000017 2
0.000115 11
36.311666 1
0.117893 1
0.620940 1
0.158593 1
0.810366 14
0.000157 15
0.000049 68
1.439499 1
0.232688 1
0.259532 1
1.760271 1
1.820004 1
0.558977 1
0.280810 1
0.748306 1
0.409833 1
0.231567 1
0.439880 1
0.289917 96
0.004352 9
0.000058 132
0.000052 13
0.009586 7
0.000051 10
0.000021 12
0.000031 41
0.000094 5
0.000053 7
0.000017 10
0.000014 12
0.000022 2
0.000576 5
0.000165 7
0.000025 10
0.000015 12
0.000020 2
0.000054 5
0.125279 7
0.000034 10
0.000015 12
0.000022 2
0.000061 5
0.000050 7
0.000047 10
0.000018 12
0.000021 2
0.000432 5
0.000335 9
0.000021 12
0.000078 55
0.000025 54
0.000017 6
0.000013 13
0.001608 77
0.000077 6
4.965256 1
0.200790 1
0.259009 1
0.100182 1
0.500052 1
0.616715 1
0.203630 1
0.139000 1
0.192569 1
0.217950 1
0.790014 1
0.285910 1
0.325810 1
0.310752 1
0.199281 1
0.500304 1
0.300235 1
0.238065 1
0.090680 1
0.270626 1
1.121033 1
0.367434 1
0.311521 1
0.228426 1
0.540564 3
0.290357 1
0.208976 1
0.152995 1
0.537178 20
3.024825 1
0.174907 14
0.000239 32
0.000086 451
0.000021 36
0.000018 5
0.000049 6
0.979854 1
0.291727 601
4.501945 1
1.316153 1
0.120177 1
0.149785 1
0.219739 1
0.130132 1
0.610071 1
0.130104 1
0.591547 1
0.318164 1
0.261162 1
0.440043 1
0.159585 45
6.040420 1
0.250475 779
0.000321 71
0.000083 461
0.000227 91
0.000009 11
0.000038 14
0.000055 6
10.808302 1
0.760554 665
2.029104 1
0.581134 256
57.435387 1
0.478347 393
1.888020 1
0.649763 1
0.860221 1
0.199895 1
0.230709 1
0.140235 1
0.480860 3
0.158634 3
0.169892 3
0.150058 3
0.170160 3
0.909889 1
0.401506 1
0.239967 1
0.238216 1
0.522365 1
0.520022 1
0.147859 1
1.970068 1
0.239563 1
0.260229 1
0.170422 14
0.032864 37
2.417175 1
0.761705 264
0.858107 1
0.501816 339
0.797763 1
0.442725 424
0.622710 1
0.335558 342
0.601426 1
0.299627 427
0.389605 1
1.159496 14
0.002062 325
0.316617 1
0.666976 423
0.272895 1
2.191885 1
0.708514 71
0.679919 1
0.212012 260
0.629748 1
0.268248 266
0.669699 1
0.232289 342
1.218120 1
0.382375 129
0.000080 503
0.000036 5
0.000190 11
0.000055 95
0.000101 16
0.000050 95
0.000074 6
1.059452 1
0.599491 489
1.348629 1
1.990746 476
13.348550 1
0.231786 1
0.188998 1
0.129577 1
0.220220 14
0.000347 152
1.239923 1
0.129268 23
0.014378 112
36.188282 1
0.397381 1
0.130197 2
0.000897 84
0.000018 91
0.001272 112
414.524088 1
0.181729 1
0.178559 1
0.172543 1
0.757324 4
0.199350 4
0.181202 4
0.149391 4
0.903568 1
0.225886 1
0.100178 1
0.360692 1
0.199568 1
0.601670 4
0.178125 4
0.150034 4
0.190437 4
0.391333 4
0.627933 1
0.260579 1
0.161673 1
0.148077 1
0.100196 1
0.130130 1
0.252344 1
0.179328 1
0.120466 2
0.787377 1
0.129633 1
0.171413 2
0.034096 361
67.958405 1
0.249175 1
0.178935 1
0.749921 1
0.240963 1
1.238949 4
0.300992 4
0.190658 4
0.188655 4
0.179885 4
0.201485 1
0.438539 1
0.259835 1
0.201164 1
0.159413 1
0.065329 1
0.196216 1
0.268157 1
0.231967 1
0.148084 1
0.991337 1
0.168347 1
0.201151 1
0.259097 1
0.323454 1
0.826562 1
0.230281 1
0.449751 2
0.001450 670
0.000181 22
2.090475 406
1.267581 614
3.019841 630
160.812484 116
0.605959 1
0.220352 1
0.220736 1
0.818825 1
0.672592 1
1.160455 1
0.237034 1
0.139904 1
0.119867 1
0.150325 1
1.249579 1
0.230221 1
0.179886 1
0.150244 1
0.292491 1
0.238367 1
0.778902 1
5.750226 4
0.502017 4
0.030831 4
0.029912 4
0.030266 4
0.032020 4
0.029425 4
0.034211 4
0.029940 4
0.031870 4
0.030407 4
0.033322 4
0.031872 4
0.485982 4
0.478311 2
0.002213 13
0.155512 372
0.000163 2182
3.006770 2089
0.000153 372
3.008703 2099
0.000121 2
1.838662 31
0.003140 112
2.124550 3
1.011634 18
1.568350 21
1.399849 1
0.390992 1
0.531672 1
0.167611 1
0.232223 1
0.147451 1
0.099890 1
0.150141 1
0.403419 1
0.188799 1
0.627060 1
0.452524 4
0.817778 1
0.269830 1
0.710533 1
0.139983 1
0.329561 1
1.492673 2
19.499222 112
1.259114 18
0.636660 4
0.212188 4
0.197017 4
0.143561 4
0.192128 4
0.147602 4
0.639784 4
0.350275 1
0.210078 1
0.170658 1
0.132805 1
0.168944 1
0.128421 1
0.939374 2
0.160753 110
3.003998 330
3.004565 444
3.005372 330
3.014322 444
3.013671 444
1.587329 2
0.000456 112
433.554218 6
